0,530
0,529
0,528
107,3
107,2
107,1
107,0
106,5
106,4
106,3
106,2
106,1
106,0
105,4
105,3
105,2
105,1
105,0
104,4
104,3
104,2
104,1
104,0
103,3
103,2
103,1
103,0
102,5
102,4
102,3
102,2
102,1
102,0
101,4
0,527
101,3
101,2
101,1
101,0
100,4
100,3
100,2
100,1
100,0
99,5
99,4
99,3
99,2
99,1
99,0
98,4
98,3
98,2
98,1
98,0
97,4
97,3
97,2
97,1
97,0
96,5
96,4
96,3
96,2
96,1
96,0
95,4
95,3
95,2
0,526
95,1
95,0
94,4
94,3
94,2
94,1
94,0
0,525
0,524
0,523
0,522
93,5
93,4
93,3
93,2
93,1
93,0
92,4
0,521
92,3
92,2
92,1
92,0
91,4
91,3
91,2
91,1
91,0
90,5
90,4
90,3
90,2
90,1
90,0
89,4
89,3
89,2
89,1
89,0
88,4
88,3
88,2
88,1
88,0
0,520
0,519
0,518
0,517
0,516
87,5
0,515
87,4
87,3
87,2
87,1
87,0
86,4
0,514
86,3
86,2
86,1
86,0
0,513
85,4
0,512
85,3
85,2
85,1
85,0
84,3
84,2
84,1
84,0
83,5
83,4
83,3
83,2
83,1
83,0
82,4
82,3
82,2
82,1
82,0
81,4
81,3
81,2
81,1
81,0
0,511
0,510
0,509
